0,0.0062248
1,0.000235799
2,0.000199332
3,0.000226479
4,0.000232874
5,0.000202293
6,0.00017539
7,0.000263198
8,0.000230656
9,0.000604456
10,0.000135613
11,5.2386e-05
12,5.2386e-05
13,0.000333192
14,0.00028276
15,5.2386e-05
16,0.000133633
17,0.000254681
18,5.2386e-05
19,0.000372405
20,0.000287182
21,0.00069651
22,0.000164052
23,0.000397129
24,0.000227252
25,0.000803973
26,0.000697882
27,9.88136e-05
28,0.00025016
29,0.000192093
30,0.000213034
31,0.000299868
32,0.000145591
33,9.11062e-05
34,9.17134e-05
35,7.26969e-05
36,0.000183875
37,5.2386e-05
38,0.000141468
39,0.000195492
40,0.000498288
41,0.000455488
42,9.11062e-05
43,5.2386e-05
44,0.000134704
45,0.00016032
46,0.000130364
47,7.99098e-05
48,0.000292566
49,0.000153715
50,0.000153356
51,0.000139636
52,8.1422e-05
53,0.000414403
54,0.000134451
55,0.000198701
56,0.000810063
57,0.000213045
58,0.000211311
59,0.000225469
60,0.000118313
61,9.83859e-05
62,0.000296035
63,9.79216e-05
64,0.000141627
65,0.000160791
66,0.00018001
67,0.000778338
68,0.00020953
69,0.000141526
70,7.61432e-05
71,0.000100415
72,0.000275128
73,0.000157935
74,5.2386e-05
75,0.000176908
76,8.24068e-05
77,0.000120581
78,0.000211774
79,0.000153636
80,0.000313442
81,0.000106665
82,0.000387414
83,0.000139636
84,0.000191109
85,0.000183657
86,0.000148427
87,0.000173014
88,0.00028457
89,0.000222836
90,8.85561e-05
91,0.000230656
92,0.000287115
93,0.000180641
94,0.000297643
95,0.000175923
96,0.000146276
97,0.000108388
98,0.000504413
99,0.000291655
100,0.000173663
101,0.000265225
102,0.000150234
103,0.000189088
104,0.000348979
105,0.000182024
106,0.000127728
107,0.00688835
108,0.000199172
109,0.000404147
110,0.000151696
111,0.000287992
112,9.94862e-05
113,0.00042497
114,5.2386e-05
115,0.000408631
116,0.000318464
117,0.000112544
118,0.000400621
119,0.000733328
120,8.96853e-05
121,0.000172478
122,0.000664782
123,0.000209968
124,0.000111414
125,7.58345e-05
126,0.000127174
127,0.000242212
128,0.000308688
129,0.000123467
130,0.000229923
131,0.000169311
132,0.000209202
133,0.000236456
134,0.000220485
135,0.000170563
136,0.000633783
137,0.000323935
138,7.21701e-05
139,0.000154249
140,0.000216086
141,0.000314061
142,0.000454267
143,0.000286741
144,0.000285247
145,8.85561e-05
146,0.000144547
147,0.00017539
148,0.000247383
149,0.00026636
150,0.000192486
151,0.000151103
152,0.000122905
153,6.20013e-05
154,7.82681e-05
155,0.00010198
156,0.000165301
157,0.000104956
158,0.000301006
159,0.000204119
160,6.92216e-05
161,0.000281651
162,0.00016671
163,0.000120538
164,7.37762e-05
165,0.000149809
166,0.000107467
167,0.000166198
168,0.000166886
169,0.000417741
170,0.000510515
171,0.000373292
172,0.000443956
173,0.000218386
174,0.000128546
175,0.000369928
176,0.000177058
177,0.000251881
178,0.000189015
179,0.000127659
180,0.000275659
181,0.000232874
182,0.000113806
183,6.3552e-05
184,0.00026589
185,0.000297972
186,0.000469641
187,0.000228917
188,0.000514547
189,0.000141627
190,0.000102159
191,7.59634e-05
192,0.000170799
193,0.000153784
194,0.000262874
195,0.000211774
196,0.000186858
197,0.000242117
198,0.000253267
199,0.00050072
200,0.000595576
201,0.000125908
202,0.000101985
203,0.000605412
204,0.000295362
205,8.1422e-05
206,9.37974e-05
207,7.05534e-05
208,0.000109453
209,5.2386e-05
210,5.2386e-05
211,0.000331235
212,0.000215677
213,0.000446756
214,0.000333354
215,5.2386e-05
216,7.25488e-05
217,0.000153328
218,0.000211774
219,0.000182697
220,0.000108355
221,0.000120406
222,0.000160126
223,0.000291184
224,0.000317631
225,0.000229662
226,0.00026487
227,0.000332684
228,8.17711e-05
229,0.000113655
230,0.000251546
231,0.000266911
232,0.000282616
233,9.11062e-05
234,6.1457e-05
235,9.53993e-05
236,0.000412803
237,0.000139636
238,0.000264762
239,0.000629631
240,8.4616e-05
241,8.50505e-05
242,0.000316054
243,0.000189767
244,9.11062e-05
245,0.000145764
246,0.000180564
247,8.40042e-05
248,0.000250075
249,0.000320577
250,9.00734e-05
251,0.000217522
252,0.000675026
253,0.000108388
254,0.000239254
255,8.50505e-05
256,9.11062e-05
257,0.000225487
258,0.000192895
259,0.000230656
260,0.000158452
261,0.000415441
262,0.000108355
263,0.000170592
264,0.000151696
265,0.000302271
266,0.000251155
267,7.22425e-05
268,0.000145746
269,0.000135325
270,9.46668e-05
271,0.000751747
272,0.000504738
273,0.000211774
274,0.000184717
275,0.000232874
276,0.000214229
277,0.000722459
278,0.000231849
279,6.98713e-05
280,0.000486417
281,0.000239911
282,9.11062e-05
283,0.000106242
284,0.000241581
285,0.000514006
286,8.2608e-05
287,5.2386e-05
288,8.05543e-05
289,0.000106047
290,0.00017463
291,0.00041064
292,5.2386e-05
293,9.94862e-05
294,7.8916e-05
295,0.000141221
296,0.000170592
297,0.000277164
298,0.00014563
299,0.00027902
300,0.000123334
301,9.71426e-05
302,0.000272093
303,0.000252584
304,0.000579958
305,6.87898e-05
306,0.000211774
307,0.00011422
308,0.00027761
309,0.000170563
310,0.00026974
311,0.000114164
312,0.00050176
313,0.000411915
314,0.000173234
315,0.000606685
316,6.56129e-05
317,0.000118875
318,0.00014757
319,0.000222836
320,0.000306303
321,9.11934e-05
322,0.000791129
323,0.000432005
324,0.000330193
325,0.000414426
326,0.000349847
327,0.000124661
328,0.000211774
329,0.000398594
330,0.000226438
331,0.000242114
332,0.000478666
333,0.00016826
334,0.000319801
335,5.2386e-05
336,7.43843e-05
337,0.000201012
338,0.000112787
339,0.000353729
340,0.000106203
341,0.000155485
342,0.000367957
343,0.000339305
344,0.000132838
345,0.000199254
346,0.00036189
347,0.000124236
348,0.00231741
349,8.35259e-05
350,0.000215583
351,0.000126571
352,0.00017379
353,0.000610714
354,0.000221299
355,0.0003082
356,8.76583e-05
357,0.000196807
358,4.57397e-05
359,0.000238626
360,0.00030853
361,0.000218143
362,0.0001664
363,0.000596671
364,0.000200837
365,7.48104e-05
366,0.000583724
367,0.000253075
368,0.00024323
369,0.000262476
370,0.000473776
371,7.092e-05
372,0.000172159
373,0.000637531
374,0.000443245
375,0.00013516
376,0.000896501
377,6.88388e-05
378,0.000404078
379,6.57031e-05
380,0.000138087
381,0.000142743
382,0.000124432
383,8.15262e-05
384,9.36045e-05
385,8.43386e-05
386,9.67987e-05
387,0.000276565
388,0.000261209
389,0.000391421
390,7.81559e-05
391,0.000404058
392,0.0002607
393,0.000159159
394,0.000252036
395,0.000510784
396,0.000232052
397,0.000382398
398,0.00023079
399,0.000179243
400,0.000463197
401,7.3166e-05
402,0.000384834
403,0.000176773
404,0.000337113
405,0.000120897
406,9.02733e-05
407,0.000161108
408,0.000360515
409,0.000236754
410,0.000144534
411,9.03283e-05
412,0.000666144
413,0.000155443
414,0.00178233
415,0.00020297
416,0.000164837
417,0.000396232
418,0.000189364
419,0.00041252
420,0.000236405
421,0.000200438
422,0.00051311
423,0.000387746
424,0.00019288
425,0.000168577
426,0.000158815
427,0.000129512
428,0.000775005
429,0.000123739
430,0.000261634
431,0.000464116
432,0.000383995
433,0.00012344
434,0.000256467
435,0.000119813
436,0.000416008
437,0.000212236
438,0.000461206
439,0.000298573
440,0.000125247
441,0.000179243
442,0.000114997
443,7.00644e-05
444,0.000324507
445,0.000205078
446,0.000148666
447,4.57397e-05
448,5.94811e-05
449,0.000113728
450,0.000191111
451,0.000186036
452,0.000306281
453,0.000143087
454,8.66341e-05
455,0.000321413
456,0.000397904
457,0.000218269
458,0.000209756
459,0.000126382
460,0.00046349
461,0.000358288
462,0.00017606
463,0.000327538
464,0.000113222
465,0.000503065
466,0.000114806
467,0.000106341
468,7.00644e-05
469,0.000216855
470,0.000159271
471,0.000220762
472,9.60325e-05
473,0.000233676
474,0.000181445
475,0.000780866
476,0.000139781
477,0.000141688
478,0.000107618
479,0.000254252
480,0.000102999
481,0.000237122
482,0.000235513
483,0.00129419
484,0.000616655
485,7.89836e-05
486,0.00018387
487,0.000229714
488,0.000200366
489,0.000207477
490,0.000128947
491,0.00011354
492,0.000415294
493,0.000366806
494,0.000171759
495,0.000176535
496,0.000286647
497,0.000539973
498,0.000139426
499,8.37432e-05
500,0.000546035
501,0.000179243
502,0.00011244
503,0.000373403
504,0.000372933
505,0.000154126
506,0.000472983
507,0.000431161
508,0.000158074
509,0.000174819
510,0.000226479
511,0.000208728
512,0.000206171
513,0.000581308
514,0.000416705
515,0.000401489
516,0.000217633
517,0.00063255
518,0.000211093
519,0.000210357
520,0.000338125
521,0.000129181
522,0.000132124
523,0.000305453
524,0.000413634
525,0.00044091
526,0.000465052
527,0.000302291
528,0.00013496
529,0.000113211
530,7.02108e-05
531,0.000344881
532,0.000234864
533,9.48108e-05
534,0.000106805
535,0.000115832
536,0.000168097
537,0.000266535
538,0.000529127
539,0.000209579
540,9.504e-05
541,0.000109653
542,0.000387989
543,0.000196779
544,0.000441531
545,0.000313975
546,0.000247396
547,0.000265019
548,0.000247375
549,0.000109676
550,4.57397e-05
551,0.000192948
552,9.36045e-05
553,0.000569741
554,0.000200519
555,0.000299768
556,0.00034448
557,0.00027907
558,0.000169516
559,0.00051832
560,0.000218601
561,0.000513922
562,7.74361e-05
563,0.000733165
564,0.000205171
565,0.000157029
566,0.00052082
567,0.000479416
568,0.000136586
569,0.000130357
570,0.000262463
571,5.90461e-05
572,0.000106341
573,0.000343723
574,0.000144191
575,0.000149276
576,0.000169688
577,0.000245994
578,0.000266246
579,0.000415308
580,0.000515694
581,8.11586e-05
582,0.000236216
583,0.000276993
584,0.000189021
585,4.66661e-05
586,9.03735e-05
587,0.000108903
588,0.000168759
589,0.000233667
590,0.000150827
591,0.000311596
592,0.000437755
593,7.73699e-05
594,0.000200275
595,0.000217018
596,0.000362226
597,0.000239358
598,0.000183935
599,0.000256905
600,0.000267225
601,0.000191688
602,4.66661e-05
603,0.000204969
604,0.000251152
605,0.000203551
606,0.000537987
607,4.66661e-05
608,4.66661e-05
609,0.000298738
610,6.99997e-05
611,0.000186075
612,0.00017638
613,4.66661e-05
614,0.000223281
615,0.00026739
616,0.000240512
617,0.000284077
618,0.000267317
619,0.000279371
620,0.000203905
621,0.000109468
622,0.000168123
623,0.000197385
624,4.66661e-05
625,0.000236871
626,0.000169603
627,0.000266246
628,0.000151553
629,0.000105092
630,0.000406877
631,0.000148284
632,0.000247328
633,0.000175887
634,0.000149454
635,0.000242308
636,0.00026802
637,0.000665084
638,4.66661e-05
639,0.000136308
640,0.000256328
641,0.000395492
642,8.11586e-05
643,0.000267225
644,0.000261981
645,0.000227002
646,0.000127636
647,0.000217302
648,5.63248e-05
649,8.41906e-05
650,0.000247171
651,0.000454324
652,6.43893e-05
653,0.000292534
654,0.000342432
655,9.16708e-05
656,5.71675e-05
657,0.000107873
658,0.000266246
659,0.000266246
660,6.81371e-05
661,0.000267225
662,0.000266664
663,0.000124735
664,0.000196642
665,0.000209109
666,0.000194954
667,7.36737e-05
668,4.66661e-05
669,0.000237964
670,0.000255915
671,7.01304e-05
672,0.000109377
673,6.43893e-05
674,4.66661e-05
675,0.000256641
676,0.000142863
677,0.000243321
678,0.000283578
679,0.000103516
680,0.000286414
681,0.000257465
682,0.000168635
683,0.000233411
684,0.000226994
685,0.000194073
686,0.00221679
687,0.000299542
688,0.000462367
689,0.000153789
690,0.000119335
691,0.000122063
692,4.82219e-05
693,0.000165653
694,0.000544635
695,0.000411405
696,0.000315177
697,0.000542196
698,0.00129195
699,6.34425e-05
700,0.000103303
701,0.000228826
702,0.000155337
703,0.000449547
704,9.0075e-05
705,0.000686366
706,0.000194663
707,0.00018122
708,0.000333517
709,0.000194385
710,0.000111485
711,0.000221142
712,0.000226164
713,0.000752529
714,0.00024657
715,0.000126041
716,0.000154713
717,0.000117787
718,0.000316913
719,0.000640815
720,0.000227518
721,9.06492e-05
722,0.000169176
723,0.000149305
724,0.00047843
725,0.00015311
726,0.000362248
727,0.0002905
728,0.000395234
729,0.000234359
730,0.000181504
731,0.000267135
732,0.000254306
733,0.000133571
734,0.000268919
735,9.06059e-05
736,0.000231963
737,0.000182154
738,0.0002718
739,0.000324686
740,0.000132511
741,0.000197014
742,0.000188919
743,7.78642e-05
744,5.86938e-05
745,0.000582662
746,0.000162099
747,0.000593312
748,0.000219729
749,7.38262e-05
750,5.83702e-05
751,0.000145856
752,0.000375726
753,0.00019605
754,0.000310463
755,0.00021923
756,0.00013011
757,0.000120491
758,0.000227254
759,0.000131029
760,0.000304716
761,0.000112035
762,0.000155233
763,0.000178925
764,0.000297326
765,0.000169656
766,0.000357688
767,0.000152869
768,0.00022957
769,0.000222403
770,0.000322359
771,0.000252861
772,0.000211416
773,0.00036212
774,0.000395504
775,7.38262e-05
776,0.000233047
777,0.000208339
778,0.000185575
779,0.00020377
780,0.000344479
781,0.000514167
782,0.000220567
783,0.000206636
784,0.00041905
785,7.30978e-05
786,0.000150107
787,0.000314673
788,9.28646e-05
789,0.000226778
790,8.63426e-05
791,0.000137766
792,0.000253452
793,0.000234959
794,0.000167503
795,0.000216463
796,0.000134061
797,0.00028826
798,0.000160637
799,0.000160866
800,0.000401552
801,4.82219e-05
802,0.000106927
803,0.000250115
804,0.000266054
805,0.000659882
806,0.000266811
807,0.000224719
808,0.000125343
809,0.000208025
810,0.000332997
811,0.000147125
812,0.000111222
813,0.000149502
814,0.000276691
815,0.000393074
816,0.000159503
817,0.000266129
818,0.000260084
819,0.000395498
820,0.000390281
821,0.000120168
822,0.000256949
823,0.000559919
824,0.000569748
825,0.000139985
826,0.000139444
827,0.000449994
828,0.000794442
829,0.000374846
830,0.000551668
831,0.000179236
832,8.79435e-05
833,0.0002686
834,0.000420184
835,0.00022376
836,0.000152826
837,0.000161362
838,0.000238908
839,0.000259558
840,0.000294494
841,6.23011e-05
842,0.000377791
843,0.00015711
844,0.000164247
845,0.000247766
846,0.000105442
847,0.000281495
848,0.000258718
849,0.000324396
850,0.000159165
851,7.50037e-05
852,0.000117787
853,0.000437749
854,6.66238e-05
855,0.000117787
856,0.000526294
857,0.000203415
858,0.000152571
859,7.71711e-05
860,6.00578e-05
861,0.000188152
862,0.000295864
863,0.000209585
864,0.000134097
865,9.9269e-05
866,0.000157318
867,0.000220541
868,9.9269e-05
869,0.000125475
870,0.000206931
871,0.000194976
872,0.000194322
873,0.000169806
874,0.000194322
875,5.32873e-05
876,0.000209585
877,0.000122614
878,0.000192431
879,0.000181661
880,0.000116282
881,0.000205976
882,0.000159928
883,5.32873e-05
884,0.000119936
885,0.000252887
886,0.000164345
887,0.000169806
888,0.000174816
889,0.00024257
890,0.000126479
891,5.32873e-05
892,5.32873e-05
893,0.000113041
894,0.000130894
895,0.000179783
896,0.000585643
897,0.000249031
898,0.000207219
899,6.81368e-05
900,0.000124369
901,0.000269716
902,0.000226076
903,0.000267869
904,8.5641e-05
905,0.000134541
906,0.000251031
907,8.64235e-05
908,0.000283608
909,0.000171218
910,9.74446e-05
911,4.27409e-05
912,0.000126189
913,0.000256084
914,0.000123964
915,0.000227557
916,0.000431438
917,0.00072804
918,4.27409e-05
919,0.000168408
920,9.99183e-05
921,0.000329629
922,0.000149101
923,0.000101465
924,0.000313382
925,0.000495285
926,0.000103404
927,0.000252435
928,0.000112606
929,8.61923e-05
930,0.000325544
931,0.000136202
932,0.000220781
933,0.000158124
934,0.000253792
935,7.47756e-05
936,0.000236824
937,9.55637e-05
938,0.000232567
939,0.000166505
940,0.000139158
941,0.000286704
942,0.000328031
943,0.000119187
944,0.000260589
945,5.7828e-05
946,0.000491521
947,0.0003539
948,0.000244917
949,0.000177771
950,0.000113763
951,0.000165759
952,0.000253672
953,0.000341779
954,0.000283872
955,0.000158161
956,0.000152091
957,0.000310227
958,0.000199197
959,0.000167491
960,0.00032667
961,0.000141861
962,0.000196325
963,0.000260583
964,0.000206278
965,0.00013281
966,0.000337165
967,0.000343384
968,0.00024268
969,0.000181641
970,0.000153644
971,0.000195746
972,9.80311e-05
973,0.00014419
974,0.000117338
975,0.000261132
976,0.000167612
977,0.000203311
978,0.00033083
979,0.000155766
980,0.000399146
981,0.000230999
982,0.00024333
983,0.000204342
984,0.000221506
985,9.24457e-05
986,0.000106656
987,9.07372e-05
988,0.000206508
989,0.000183383
990,0.000265875
991,0.000160921
992,0.000246629
993,0.000451158
994,0.000165202
995,0.000263104
996,7.08873e-05
997,0.000297864
998,7.8863e-05
999,0.000240903
1000,0.000175104
1001,0.000238432
1002,0.000113178
1003,0.000306855
1004,0.000353701
1005,0.000126887
1006,0.000422691
1007,0.000115426
1008,9.36581e-05
1009,0.000278852
1010,0.000270234
1011,0.000233339
1012,0.000196895
1013,0.000121989
1014,0.00047688
1015,0.000186722
1016,0.000144568
1017,0.000439752
1018,0.000259983
1019,0.000281514
1020,0.000292811
1021,0.000292622
1022,5.91558e-05
1023,0.000108917
1024,0.000284868
1025,0.000196223
1026,0.000266284
1027,8.84497e-05
1028,0.000216473
1029,0.000314077
1030,0.000172095
1031,6.62361e-05
1032,0.000395531
1033,0.000170636
1034,5.65027e-05
1035,0.000193322
1036,0.000277992
1037,0.000259844
1038,6.96153e-05
1039,0.000110874
1040,0.000221065
1041,0.000339734
1042,0.000126351
1043,0.000177715
1044,0.000154095
1045,0.000162643
1046,8.96444e-05
1047,0.000224772
1048,0.000337194
1049,0.000272898
1050,0.00012739
1051,0.000302646
1052,0.000402289
1053,0.000114967
1054,0.000194441
1055,0.000141175
1056,0.00022587
1057,8.94828e-05
1058,8.51085e-05
1059,0.000480706
1060,0.000251226
1061,0.000120983
1062,0.000178141
1063,0.000100467
1064,0.000236524
1065,5.11925e-05
1066,0.000340794
1067,0.000356483
1068,0.000179203
1069,9.90591e-05
1070,0.000509045
1071,8.06714e-05
1072,0.000199239
1073,0.00011121
1074,0.000226747
1075,0.00026729
1076,0.000411493
1077,0.000139863
1078,0.00051938
1079,0.000359398
1080,0.000356064
1081,0.000169539
1082,0.000274141
1083,0.000322606
1084,8.65321e-05
1085,0.000592155
1086,0.000669987
1087,0.00010461
1088,0.000152882
1089,0.000137917
1090,0.000130469
1091,0.00011267
1092,0.000180524
1093,9.32054e-05
1094,0.000112122
1095,0.000165409
1096,4.27409e-05
1097,0.000285965
1098,0.000228366
1099,0.000286185
1100,0.000305225
1101,0.000366378
1102,0.000262722
1103,8.09282e-05
1104,0.000506157
1105,0.000113178
1106,0.000213715
1107,0.0004092
1108,0.000226504
1109,0.000271557
1110,0.000268866
1111,0.000142441
1112,0.000186117
1113,0.000293696
1114,0.000252949
1115,0.000186187
1116,0.000119228
1117,0.000365292
1118,0.000276951
1119,4.27409e-05
1120,0.00025366
1121,0.000181697
1122,0.000304215
1123,0.000252653
1124,0.000412602
1125,0.000344983
1126,0.000578729
1127,0.000198441
1128,0.000325819
1129,0.000289359
1130,0.000221125
1131,0.000239422
1132,0.000410903
1133,8.40114e-05
1134,0.000126179
1135,0.000238653
1136,0.000304825
1137,0.000236015
1138,0.000205788
1139,0.000184059
1140,9.97489e-05
1141,0.000152119
1142,0.000217227
1143,0.000101023
1144,0.000210506
1145,4.27409e-05
1146,0.000440298
1147,6.34795e-05
1148,0.000314712
1149,0.000312766
1150,0.000127621
1151,6.70953e-05
1152,0.000124884
1153,0.000403153
1154,0.000106585
1155,0.000271237
1156,0.000302169
1157,7.40393e-05
1158,0.000316297
1159,0.000380725
1160,0.000282513
1161,0.000151313
1162,9.71053e-05
1163,0.000300427
1164,0.00011273
1165,0.000233874
1166,0.000305925
1167,0.000201583
1168,8.09293e-05
1169,0.000156289
1170,0.000225261
1171,0.000239218
1172,0.000337383
1173,0.000397986
1174,0.000187944
1175,0.00040353
1176,4.70448e-05
1177,0.000201741
1178,0.000137846
1179,0.000281225
1180,0.000160537
1181,0.000268051
1182,0.000233398
1183,0.000232744
1184,0.000456599
1185,0.000446701
1186,0.000151445
1187,0.000186043
1188,0.000228782
1189,0.000272045
1190,0.000198967
1191,0.000335463
1192,0.000447788
1193,0.000126933
1194,0.000101197
1195,0.000177845
1196,0.000125722
1197,0.000181939
1198,0.000251056
1199,0.000619184
1200,7.27937e-05
1201,0.000194556
1202,0.000159603
1203,0.000106109
1204,0.000497183
1205,0.000312758
1206,4.27409e-05
1207,0.000232444
1208,9.08413e-05
1209,0.000245057
1210,0.000264477
1211,0.000500618
1212,0.00021902
1213,0.000170637
1214,0.000371117
1215,0.000237695
1216,0.000281999
1217,0.000286194
1218,0.000164113
1219,0.000185678
1220,7.60527e-05
1221,0.000373212
1222,0.000440755
1223,0.000157808
1224,6.70058e-05
1225,0.000220012
1226,0.000246374
1227,0.000392389
1228,0.000186212
1229,0.000237568
1230,0.000370765
1231,0.000351656
1232,0.000234314
1233,4.94342e-05
1234,0.00014132
1235,0.000499433
1236,0.000316072
1237,0.000351557
1238,0.000459025
1239,6.49101e-05
1240,0.000142152
1241,0.000140222
1242,0.000285773
1243,0.000343788
1244,0.000113331
1245,0.000212157
1246,0.000234453
1247,0.000159975
1248,9.41414e-05
1249,0.00013242
1250,0.000401792
1251,0.000132133
1252,7.17502e-05
1253,8.06714e-05
1254,0.000110902
1255,0.000378556
1256,0.000402198
1257,0.000266194
1258,0.000274726
1259,0.000338605
1260,0.000262334
1261,0.00034212
1262,4.53398e-05
1263,6.65674e-05
1264,8.34269e-05
1265,0.000129374
1266,0.000141553
1267,0.000347722
1268,0.000125069
1269,0.000373933
1270,5.61476e-05
1271,0.000293635
1272,0.000280128
1273,0.000338408
1274,0.000224077
1275,0.00037511
1276,4.53647e-05
1277,0.000576385
1278,0.000144006
1279,0.000218969
1280,0.000254035
1281,0.000218581
1282,0.0003395
1283,0.000247068
1284,0.00029225
1285,0.000187196
1286,0.000136443
1287,0.000207132
1288,0.000282127
1289,0.00025757
1290,0.00027559
1291,0.000334346
1292,0.000266914
1293,0.000162377
1294,0.000158479
1295,8.20998e-05
1296,0.000183916
1297,9.92655e-05
1298,0.000332208
1299,0.000222768
1300,0.000204168
1301,8.02156e-05
1302,0.000315778
1303,0.000251343
1304,0.000299095
1305,0.000340897
1306,0.000192314
1307,0.000287223
1308,0.000171103
1309,0.000224149
1310,0.000196957
1311,0.000182284
1312,0.000272409
1313,0.000219392
1314,0.000211466
1315,0.000220657
1316,0.000177
1317,0.00021656
1318,0.000256293
1319,0.000219332
1320,0.000383935
1321,0.00016524
1322,0.000423653
1323,0.000246191
1324,0.000217694
1325,0.000181131
1326,5.78145e-05
1327,0.000257199
1328,0.000203918
1329,0.000413376
1330,0.000372199
1331,0.000429507
1332,0.000270951
1333,0.000261805
1334,0.000362923
1335,0.000373035
1336,0.000181199
1337,0.000272102
1338,0.000437006
1339,0.000306121
1340,0.000204246
1341,0.000362539
1342,0.00010069
1343,0.000257357
1344,0.00028472
1345,0.00044873
1346,6.39259e-05
1347,0.000363661
1348,0.0002662
1349,0.000271393
1350,0.000177639
1351,0.000213127
1352,0.000683835
1353,6.61842e-05
1354,7.08968e-05
1355,0.000258495
1356,0.000184897
1357,0.000225461
1358,0.000456594
1359,0.000269593
1360,0.000336115
1361,0.000429102
1362,5.51025e-05
1363,0.000178888
1364,0.000100248
1365,0.000147527
1366,0.000423749
1367,0.000485022
1368,0.000158161
1369,0.000275687
1370,0.000333452
1371,0.000283953
1372,8.68353e-05
1373,0.000379987
1374,0.000264116
1375,0.00023558
1376,0.00052982
1377,0.000563601
1378,0.000255057
1379,0.000247434
1380,0.000258757
1381,0.000148442
1382,0.000217462
1383,6.71122e-05
1384,0.000136015
1385,0.000129154
1386,4.27409e-05
1387,0.000127852
1388,0.000263718
1389,0.000162898
1390,0.000553274
1391,0.000506686
1392,0.000190713
1393,0.000207522
1394,6.00022e-05
1395,4.80917e-05
1396,0.000277173
1397,0.000118606
1398,0.000162704
1399,0.000515029
1400,0.000155957
1401,7.76546e-05
1402,0.000233298
1403,0.000144568
1404,0.000242116
1405,0.000275217
1406,0.000183851
1407,0.000149558
1408,0.000224295
1409,0.000342837
1410,0.000207616
1411,7.87126e-05
1412,0.000163395
1413,0.000289385
1414,7.13011e-05
1415,0.000231622
1416,0.00033211
1417,5.71789e-05
1418,0.000152956
1419,0.000192373
1420,0.000449701
1421,0.000228406
1422,0.000116698
1423,0.000291812
1424,0.000176474
1425,0.000243715
1426,0.00030619
1427,0.000384134
1428,0.00022033
1429,0.000222666
1430,4.92962e-05
1431,0.000671127
1432,0.000267509
1433,0.000220817
1434,0.000137502
1435,0.00027366
1436,0.000198916
1437,0.000219025
1438,0.000177461
1439,9.28786e-05
1440,0.000166208
1441,0.000157459
1442,7.93788e-05
1443,0.000100345
1444,0.000211709
1445,0.000105135
1446,0.000231764
1447,0.000435477
1448,0.000257729
1449,0.000293625
1450,0.000202625
1451,0.000170385
1452,0.00027063
1453,0.000211278
1454,0.0002662
1455,6.99736e-05
1456,0.000388751
1457,0.000201969
1458,0.000148377
1459,0.000473359
1460,0.000183316
1461,8.92793e-05
1462,0.000389873
1463,6.83576e-05
1464,0.000179187
1465,0.000358032
1466,4.27409e-05
1467,0.00038595
1468,0.000249048
1469,0.000418304
1470,0.000246744
1471,0.000513414
1472,0.000585676
1473,0.000338888
1474,7.27724e-05
1475,0.000344474
1476,7.40381e-05
1477,0.000104341
1478,0.000159095
1479,0.00039123
1480,0.00031749
1481,0.000131143
1482,0.000334433
1483,0.000307557
1484,0.000105453
1485,0.000175286
1486,9.17734e-05
1487,0.000353679
1488,0.000400485
1489,0.000138873
1490,8.67645e-05
1491,0.000364245
1492,0.000117111
1493,0.000212702
1494,0.000251231
1495,0.000332469
1496,0.000326021
1497,0.000191073
1498,6.55814e-05
1499,0.000186575
1500,0.00020821
1501,0.000111229
1502,0.000355115
1503,0.000171812
1504,0.000380713
1505,0.000524968
1506,7.95849e-05
1507,0.000267444
1508,0.00018003
1509,0.00040048
1510,6.13284e-05
1511,0.00027273
1512,0.000224512
1513,0.000207044
1514,0.000224895
1515,0.000343582
1516,0.00045078
1517,0.000136075
1518,0.000130662
1519,0.000155116
1520,0.000362706
1521,6.87712e-05
1522,0.000456634
1523,0.000262228
1524,0.000146417
1525,0.000358114
1526,0.000157306
1527,0.0001039
1528,0.000247253
1529,0.000288305
1530,0.000306652
1531,0.000182266
1532,0.000142232
1533,0.000275521
1534,0.000281403
1535,0.000219829
1536,0.000535638
1537,0.000163535
1538,0.000234074
1539,0.000246944
1540,0.000311526
1541,0.000238059
1542,0.000184387
1543,0.000222077
1544,0.000142009
1545,0.000312033
1546,6.81387e-05
1547,0.000353527
1548,0.000303872
1549,0.000343186
1550,0.000194961
1551,0.000494963
1552,9.45269e-05
1553,0.000235852
1554,0.00046981
1555,0.000318851
1556,0.000107776
1557,0.000445725
1558,5.06216e-05
1559,0.000539992
1560,4.27409e-05
1561,0.00018243
1562,0.000126877
1563,0.000343947
1564,0.000157374
1565,0.000276808
1566,0.00017443
1567,0.000295771
1568,0.000232606
1569,0.0002995
1570,0.000379962
1571,0.000217942
1572,0.000155034
1573,0.000418646
1574,0.000418924
1575,0.000140583
1576,0.000314083
1577,0.000532129
1578,0.000188083
1579,7.20638e-05
1580,0.000260159
1581,4.27409e-05
1582,0.000219082
1583,0.000449012
1584,0.000646473
1585,0.000183605
1586,8.96444e-05
1587,0.000256477
1588,0.000218749
1589,0.000583492
1590,0.000314716
1591,0.000481027
1592,0.000141158
1593,0.000293209
1594,0.000121108
1595,0.00020454
1596,0.000361401
1597,0.000336603
1598,0.000411967
1599,0.000115637
1600,0.000355415
1601,0.00025509
1602,0.000102947
1603,0.000418553
1604,0.000455701
1605,0.000278846
1606,0.000201533
1607,9.59393e-05
1608,0.000351223
1609,0.000289821
1610,0.000512616
1611,0.000341532
1612,0.000545703
1613,0.000523558
1614,0.000233991
1615,0.000227154
1616,0.000311112
1617,0.000349329
1618,0.000126419
1619,0.000340117
1620,0.000432579
1621,0.000552524
1622,0.000514576
1623,0.000299597
1624,0.000257103
1625,0.000175474
1626,0.000215912
1627,8.84497e-05
1628,0.000386373
1629,0.000185884
1630,0.000418961
1631,8.70267e-05
1632,0.000248186
1633,0.000173549
1634,0.000275856
1635,0.000181903
1636,0.000359432
1637,0.000321951
1638,0.000184032
1639,0.000267985
1640,0.000102036
1641,0.000144513
1642,0.00027441
1643,0.000299259
1644,0.00023175
1645,0.000342473
1646,0.000123376
1647,0.000246883
1648,0.000206044
1649,0.000197774
1650,0.000171549
1651,5.12306e-05
1652,0.000251425
1653,0.000230958
1654,9.0325e-05
1655,0.000271901
1656,0.000286075
1657,9.74446e-05
1658,0.000127385
1659,0.000256841
1660,0.000185093
1661,0.000390579
1662,0.000421435
1663,0.000679735
1664,9.30193e-05
1665,0.000371842
1666,0.000313823
1667,0.00022357
1668,0.000358201
1669,0.000401694
1670,0.000101705
1671,0.000231679
1672,0.000205564
1673,0.00025644
1674,0.000184398
1675,0.000375403
1676,0.000175433
1677,0.000229405
1678,0.000143988
1679,0.000183578
1680,0.00030156
1681,0.000187925
1682,0.00019513
1683,0.00038738
1684,0.00630852
1685,0.0002938
1686,0.000238519
1687,0.000384832
1688,0.000339628
1689,0.000365004
1690,4.82932e-05
1691,0.000287693
1692,0.000312725
1693,8.01153e-05
1694,0.000246634
1695,0.000202557
1696,0.000119669
1697,8.1003e-05
1698,0.00017614
1699,0.000272553
1700,9.06158e-05
1701,0.000102808
1702,0.000261602
1703,0.000476356
1704,0.000162738
1705,0.00025696
1706,0.00023146
1707,0.000525556
1708,0.000116062
1709,0.000418588
1710,8.52802e-05
1711,7.88629e-05
1712,0.000314432
1713,6.63252e-05
1714,0.000527921
1715,0.000307417
1716,0.000290369
1717,0.000410713
1718,0.000527328
1719,0.000185961
1720,0.000252772
1721,0.0003405
1722,0.00021657
1723,0.000167378
1724,0.000207587
1725,0.000375914
1726,0.000192995
1727,0.000211698
1728,0.00017172
1729,0.000401148
1730,0.000675971
1731,9.59004e-05
1732,0.000250702
1733,0.000297303
1734,0.000175863
1735,0.000328154
1736,0.000448804
1737,0.000243691
1738,0.000180861
1739,0.000139204
1740,0.000234926
1741,0.000320189
1742,0.000386788
1743,0.000204871
1744,0.000239697
1745,0.000145824
1746,0.000577722
1747,0.000186831
1748,0.000119863
1749,0.000135501
1750,0.000374343
1751,0.000259789
1752,0.000339852
1753,0.000259358
1754,0.000197799
1755,4.69181e-05
1756,0.000138824
1757,0.000382884
1758,0.000244515
1759,8.50165e-05
1760,7.09875e-05
1761,0.000419092
1762,6.52114e-05
1763,0.000209904
1764,0.000142278
1765,0.000238753
1766,0.000255366
1767,0.000235761
1768,0.000629206
1769,0.000115781
1770,0.00032959
1771,9.59897e-05
1772,0.000204737
1773,0.000164061
1774,0.000174782
1775,6.22953e-05
1776,9.74446e-05
1777,6.96879e-05
1778,0.00025407
1779,0.000172424
1780,0.000131795
1781,0.000188
1782,0.00023047
1783,0.000653738
1784,0.000152417
1785,0.000239463
1786,0.000464215
1787,0.000295578
1788,0.00015256
1789,0.000309891
1790,0.000223235
1791,0.000404379
1792,8.19071e-05
1793,0.000418445
1794,0.000340794
1795,0.000271755
1796,0.000222
1797,7.49499e-05
1798,0.000270817
1799,0.000439285
1800,0.000714161
1801,0.000164592
1802,0.000117548
1803,0.000237041
1804,0.000557616
1805,0.000123253
1806,0.000288495
1807,0.000311053
1808,0.000159018
1809,0.000340177
1810,0.000305507
1811,0.000211885
1812,0.000226697
1813,0.000489515
1814,0.000111439
1815,0.000183602
1816,0.000377806
1817,0.000113969
1818,0.000182731
1819,0.00028269
1820,0.000337592
1821,0.000109232
1822,0.000134259
1823,0.00037494
1824,0.000292205
1825,0.000269431
1826,0.000303516
1827,0.000598547
1828,0.000304709
1829,0.000144578
1830,0.000119069
1831,0.000331843
1832,0.000162997
1833,0.000544054
1834,4.27409e-05
1835,0.000556478
1836,0.000118833
1837,0.000300211
1838,0.000103334
1839,0.000479025
1840,0.000129163
1841,0.000241843
1842,0.000355111
1843,0.000154534
1844,0.000414409
1845,0.000334801
1846,0.000173305
1847,0.00021868
1848,0.000195138
1849,0.000345974
1850,0.000183811
1851,0.000181152
1852,0.000145421
1853,0.000101506
1854,5.54823e-05
1855,7.38756e-05
1856,5.64778e-05
1857,0.00034438
1858,0.000207192
1859,0.00022958
1860,0.000157615
1861,0.000337371
1862,0.000267832
1863,0.000227413
1864,0.000329914
1865,8.2639e-05
1866,0.000281174
1867,0.00037608
1868,0.000362464
1869,0.00012892
1870,0.000157647
1871,0.000402265
1872,0.000253697
1873,0.000205637
1874,7.55054e-05
1875,0.000158204
1876,0.000380479
1877,0.000211829
1878,0.000226266
1879,0.000428988
1880,0.000256092
1881,0.00029744
1882,0.000311261
1883,0.000120912
1884,0.000169924
1885,0.00016029
1886,0.000324704
1887,8.4854e-05
1888,0.000728673
1889,0.000214979
1890,0.000145751
1891,0.000235995
1892,0.000117041
1893,0.000404096
1894,0.000324134
1895,0.000290737
1896,0.000133342
1897,0.000224668
1898,0.00030741
1899,0.000376534
1900,0.000115945
1901,0.000125683
1902,0.000386008
1903,0.000205707
1904,0.000223483
1905,0.000121752
1906,0.000169839
1907,0.000167024
1908,0.00011216
1909,0.000258098
1910,0.00025381
1911,0.000236752
1912,0.00381656
1913,0.000105105
1914,0.000247522
1915,0.000124775
1916,0.000261991
1917,0.000353223
1918,0.000303358
1919,0.000285362
1920,0.000368524
1921,0.000211974
1922,0.000154651
1923,0.000257736
1924,7.48185e-05
1925,0.000246162
1926,0.000461704
1927,0.000282718
1928,0.000137672
1929,0.000284866
1930,0.000120384
1931,0.000209352
1932,0.000291108
1933,0.000119984
1934,0.000125276
1935,0.000260065
1936,0.000203151
1937,7.31576e-05
1938,0.000351248
1939,0.000262005
1940,0.000289007
1941,0.000539252
1942,0.000126957
1943,0.000359831
1944,0.000164115
1945,0.000442642
1946,0.000354199
1947,0.000374113
1948,0.000328299
1949,9.60654e-05
1950,9.43637e-05
1951,0.000323476
1952,9.19771e-05
1953,0.000239187
1954,0.000329643
1955,0.000289727
1956,0.000148037
1957,0.000213477
1958,0.000189848
1959,0.000370744
1960,0.000351959
1961,0.000111145
1962,0.000347474
1963,0.000180101
1964,0.00053206
1965,0.000157807
1966,0.000336394
1967,4.8283e-05
1968,0.000188113
1969,4.97474e-05
1970,0.000264311
1971,0.00033023
1972,0.000343584
1973,0.000318396
1974,8.54509e-05
1975,0.00029681
1976,0.000212044
1977,9.04063e-05
1978,0.000143775
1979,0.0003304
1980,0.000298052
1981,0.000195627
1982,0.000116548
1983,0.000383136
1984,0.000336344
1985,0.000444495
1986,0.000293954
1987,0.000142966
1988,0.000209493
1989,0.000182765
1990,0.000182978
1991,0.000257095
1992,0.000159124
1993,0.000382328
1994,0.00020704
1995,0.000320903
1996,7.95056e-05
1997,0.00025941
1998,0.000279463
1999,0.000185428
2000,0.000183587
2001,0.000303029
2002,0.000272295
2003,0.000182634
2004,0.000259812
2005,0.000292849
2006,0.000272574
2007,0.000495867
2008,8.5569e-05
2009,0.000232049
2010,0.000265465
2011,0.000213584
2012,0.000102973
2013,7.76153e-05
2014,8.424e-05
2015,8.37041e-05
2016,0.00011612
2017,0.000126918
2018,0.000283032
2019,9.0755e-05
2020,0.000297636
2021,9.10578e-05
2022,0.000258754
2023,0.000211285
2024,0.000271156
2025,0.000171896
2026,0.000283854
2027,0.000231493
2028,0.000328124
2029,0.000171552
2030,0.000347232
2031,0.000260835
2032,0.000448277
2033,0.000323132
2034,0.000145281
2035,0.000248867
2036,0.000139052
2037,0.0003492
2038,0.00042918
2039,0.000340962
2040,0.000297217
2041,0.000132477
2042,0.000302085
2043,0.000325607
2044,9.41586e-05
2045,0.00032764
2046,0.000239343
2047,0.000830498
2048,9.63611e-05
2049,0.000306469
2050,0.000139757
2051,0.000119607
2052,0.000325909
2053,0.000351553
2054,0.000494581
2055,0.000160666
2056,0.000254051
2057,0.000155513
2058,0.000178006
2059,0.000355335
2060,0.000225625
2061,0.000255414
2062,0.000249235
2063,0.000272592
2064,0.000347523
2065,0.000104087
2066,8.19328e-05
2067,0.000117803
2068,0.000433281
2069,0.000327418
2070,0.000130442
2071,0.000369602
2072,0.00039902
2073,0.000361982
2074,0.000302701
2075,0.000176258
2076,0.000172662
2077,0.000243726
2078,0.000379051
2079,4.14347e-05
2080,9.77242e-05
2081,0.000520246
2082,0.000164696
2083,0.000280804
2084,0.000288803
2085,0.000191542
2086,0.000262105
2087,0.00047815
2088,0.000370075
2089,0.000203343
2090,0.000349654
2091,0.000282623
2092,0.000141841
2093,0.000336242
2094,0.00013458
2095,0.00029274
2096,0.000104113
2097,0.000207311
2098,0.000230676
2099,0.000117925
2100,9.48082e-05
2101,0.000245427
2102,0.000413338
2103,0.000347005
2104,0.000335421
2105,0.000120802
2106,0.000103085
2107,0.000307533
2108,0.000306072
2109,0.000259086
2110,0.000164324
2111,0.000560016
2112,0.00030363
2113,0.000142082
2114,0.000145035
2115,0.000261799
2116,0.000312148
2117,0.000485673
2118,0.000348635
2119,0.000149801
2120,0.000222531
2121,0.000299291
2122,0.000276534
2123,0.000376594
2124,0.000316315
2125,0.000372039
2126,0.000449106
2127,0.000356329
2128,0.000310043
2129,0.000330679
2130,0.00011492
2131,0.000369504
2132,0.000305945
2133,0.000576421
2134,0.000270872
2135,0.000277568
2136,0.000160526
2137,0.000162772
2138,0.000419923
2139,0.000330718
2140,0.000319501
2141,0.00013548
2142,0.000436084
2143,0.000342225
2144,0.000253651
2145,0.000246553
2146,0.000218109
2147,0.000132783
2148,0.000283653
2149,0.000397263
2150,0.000360804
2151,0.000269616
2152,0.000186392
2153,0.000415593
2154,0.000303509
2155,0.000178062
2156,0.000266829
2157,0.000208948
2158,0.000105913
2159,0.000252078
2160,0.000226693
2161,0.000271977
2162,0.000140582
2163,0.000123633
2164,0.000191653
2165,0.000252171
2166,9.40887e-05
2167,0.000103249
2168,8.18276e-05
2169,0.000337581
2170,0.000179487
2171,0.000331967
2172,0.000361011
2173,0.000264804
2174,0.000386404
2175,7.1434e-05
2176,0.000421557
2177,7.22661e-05
2178,6.58966e-05
2179,0.000193705
2180,0.000347631
2181,0.000170669
2182,7.34105e-05
2183,0.000402243
2184,0.000349025
2185,9.41159e-05
2186,0.000116179
2187,0.000444612
2188,0.000360699
2189,0.00033533
2190,0.000313522
2191,0.000272758
2192,0.000219045
2193,0.000140346
2194,0.000334543
2195,4.14347e-05
2196,0.00033434
2197,0.000188606
2198,0.000190739
2199,0.000548418
2200,0.000324866
2201,0.000351354
2202,0.000254935
2203,0.000327189
2204,9.5337e-05
2205,9.16077e-05
2206,0.000389012
2207,0.000193487
2208,9.32706e-05
2209,0.000179021
2210,0.000205891
2211,0.00027265
2212,0.000267413
2213,0.000207133
2214,0.000184984
2215,0.00019818
2216,0.000257586
2217,0.00017286
2218,0.000382932
2219,6.06526e-05
2220,0.000359852
2221,0.000167192
2222,0.000190497
2223,0.000362202
2224,0.000393269
2225,0.000225289
2226,0.000226293
2227,9.58394e-05
2228,0.000265694
2229,0.000396054
2230,6.86102e-05
2231,0.000294434
2232,0.00029023
2233,0.000429299
2234,0.000107819
2235,0.000256416
2236,0.000311515
2237,0.000242355
2238,0.000140351
2239,0.000160402
2240,0.000373897
2241,0.000362817
2242,0.000194987
2243,0.000206014
2244,0.000369832
2245,0.000132954
2246,0.00030328
2247,0.000390317
2248,0.000167261
2249,0.000102416
2250,0.000350918
2251,0.000106708
2252,6.84414e-05
2253,0.000297056
2254,0.0002904
2255,0.000118088
2256,7.75076e-05
2257,0.000294733
2258,0.000121744
2259,0.000220647
2260,0.000182605
2261,0.000249496
2262,7.94986e-05
2263,0.000114804
2264,0.000245701
2265,0.000100391
2266,0.000463708
2267,0.000270724
2268,0.000444292
2269,4.14347e-05
2270,0.000101434
2271,0.00033702
2272,0.000152476
2273,0.000287386
2274,0.000141132
2275,0.000342958
2276,0.000292133
2277,0.000147616
2278,0.000334384
2279,0.000389792
2280,0.000208429
2281,0.000164601
2282,0.000476038
2283,0.000518772
2284,0.00029093
2285,0.000187013
2286,0.000208409
2287,0.00015489
2288,0.000101544
2289,0.000565506
2290,0.000339539
2291,0.00012322
2292,0.000433349
2293,0.000179296
2294,0.000383248
2295,0.000102366
2296,0.000188366
2297,0.000208876
2298,9.75849e-05
2299,0.000292433
2300,0.000264449
2301,0.00016442
2302,0.000386435
2303,0.000102559
2304,0.000234556
2305,8.52017e-05
2306,0.000222986
2307,0.000267857
2308,0.000293646
2309,0.000377836
2310,0.000122499
2311,0.00012636
2312,9.67456e-05
2313,0.000729992
2314,0.000172067
2315,0.000233504
2316,0.000118125
2317,0.000313315
2318,0.000196349
2319,0.000375998
2320,0.000167196
2321,0.000118763
2322,0.00028683
2323,0.000340182
2324,0.000376509
2325,0.000335687
2326,0.00033501
2327,0.000392877
2328,0.000511336
2329,0.000243244
2330,0.000168278
2331,0.000354421
2332,0.000318433
2333,0.000489123
2334,0.000278819
2335,0.000284029
2336,0.000453469
2337,0.000193088
2338,0.000329154
2339,0.0003428
2340,0.000366479
2341,0.000243788
2342,0.00026078
2343,0.000251703
2344,0.000381852
2345,0.000228121
2346,0.00019819
2347,0.00063789
2348,0.00028761
2349,0.000180699
2350,0.000105202
2351,0.000334221
2352,0.000313615
2353,0.000180535
2354,0.000330007
2355,0.000138983
2356,0.000319374
2357,0.000145619
2358,7.67432e-05
2359,0.00027731
2360,0.000131415
2361,0.000361641
2362,0.00013743
2363,0.000312567
2364,0.000331588
2365,0.000282179
2366,0.00019497
2367,0.000210513
2368,0.000269725
2369,0.000365779
2370,0.000297249
2371,0.00029673
2372,0.000327251
2373,0.000128644
2374,0.000313064
2375,9.6819e-05
2376,0.000342058
2377,0.000298284
2378,0.000258414
2379,0.000161514
2380,5.60764e-05
2381,0.000327655
2382,5.5604e-05
2383,8.62936e-05
2384,0.000580923
2385,0.000203649
2386,0.000266059
2387,0.000155599
2388,8.26595e-05
2389,0.000143257
2390,0.000179365
2391,0.000185046
2392,0.000192239
2393,0.00011656
2394,0.00030605
2395,0.000338365
2396,0.000238594
2397,0.000297213
2398,0.000344937
2399,0.00026834
2400,0.00010387
2401,0.000184785
2402,0.000148177
2403,0.000158089
2404,0.000326349
2405,0.000187828
2406,0.000209835
2407,0.000185354
2408,0.000288763
2409,0.000333591
2410,0.00039073
2411,0.000276371
2412,0.000290741
2413,9.97817e-05
2414,0.000341179
2415,0.000159415
2416,0.000188714
2417,0.000253281
2418,0.000228814
2419,0.000374388
2420,0.000251136
2421,0.000173998
2422,8.7086e-05
2423,0.000309689
2424,0.000118109
2425,0.000189874
2426,0.000163871
2427,9.31368e-05
2428,0.000360978
2429,0.000199792
2430,0.000281178
2431,8.79061e-05
2432,0.000127792
2433,0.000284364
2434,0.000301561
2435,0.000157655
2436,0.000293982
2437,0.000117523
2438,0.000240877
2439,0.000149722
2440,0.000270779
2441,7.47119e-05
2442,4.51305e-05
2443,0.000139312
2444,0.000165914
2445,0.000230369
2446,0.00030286
2447,0.000253568
2448,0.000285031
2449,0.00014074
2450,0.000162655
2451,0.000338962
2452,8.02821e-05
2453,0.000125553
2454,7.73055e-05
2455,0.000161841
2456,0.000133358
2457,4.14347e-05
2458,0.000310198
2459,0.000236229
2460,0.00031757
2461,0.000383817
2462,0.000207872
2463,0.000382272
2464,0.000372145
2465,0.000198747
2466,0.000120218
2467,0.000251258
2468,0.000372441
2469,0.000259159
2470,4.14347e-05
2471,0.000398227
2472,0.000270325
2473,0.000199242
2474,0.000219979
2475,0.000305442
2476,0.000116724
2477,0.000222772
2478,0.000232773
2479,0.000170216
2480,0.000149093
2481,7.15448e-05
2482,0.000304198
2483,8.60941e-05
2484,0.000245712
2485,0.000263609
2486,0.000180139
2487,0.000164601
2488,0.000325583
2489,0.000218
2490,0.00014517
2491,0.000374533
2492,0.000331256
2493,6.02765e-05
2494,0.000214108
2495,0.000276472
2496,9.62952e-05
2497,0.000221237
2498,0.000317177
2499,0.00021665
2500,0.000335596
2501,0.000252018
2502,0.000168671
2503,0.000150459
2504,0.000286262
2505,7.44456e-05
2506,0.000249019
2507,0.000375003
2508,0.000306316
2509,0.000418169
2510,0.000423901
2511,0.000424009
2512,0.000320314
2513,0.000153317
2514,8.44544e-05
2515,0.000138486
2516,0.00027998
2517,6.91247e-05
2518,0.000172771
2519,0.00013458
2520,0.000311416
2521,0.000271989
2522,7.8538e-05
2523,0.000153812
2524,6.36176e-05
2525,0.000174191
2526,0.000385043
2527,9.53699e-05
2528,0.000115774
2529,0.000156012
2530,0.000118087
2531,0.000121405
2532,0.000211316
2533,0.000305792
2534,0.000167729
2535,0.000186109
2536,0.000147853
2537,0.000306769
2538,0.00028427
2539,0.000267558
2540,0.000243238
2541,5.5604e-05
2542,0.000377664
2543,0.000681408
2544,0.000123996
2545,7.12743e-05
2546,0.000276354
2547,0.000183977
2548,0.000121251
2549,0.000300772
2550,0.000317561
2551,0.000300562
2552,0.000222395
2553,0.000327968
2554,0.00019021
2555,0.000409481
2556,0.000254952
2557,0.000163529
2558,0.000289174
2559,0.000308915
2560,0.000387007
2561,0.000297182
2562,0.000141618
2563,0.00021944
2564,0.000351576
2565,7.95056e-05
2566,0.000158658
2567,0.000349069
2568,7.31439e-05
2569,4.14347e-05
2570,0.000215735
2571,0.000132432
2572,9.07612e-05
2573,0.000289013
2574,0.000208263
2575,0.000274442
2576,0.000126668
2577,0.0001872
2578,0.000307318
2579,0.000227875
2580,7.39652e-05
2581,0.000162761
2582,0.00031641
2583,0.000240654
2584,8.1266e-05
2585,0.000214719
2586,0.00034513
2587,0.000191115
2588,0.000292826
2589,0.000258957
2590,0.00036594
2591,0.000195438
2592,0.000379048
2593,0.00034166
2594,0.000314689
2595,8.60941e-05
2596,4.14347e-05
2597,0.000326585
2598,0.000493233
2599,7.54926e-05
2600,0.000341152
2601,0.000352797
2602,0.000372193
2603,0.000248418
2604,0.000368992
2605,8.86138e-05
2606,0.000161668
2607,0.000361883
2608,0.000322875
2609,0.000167054
2610,0.000251839
2611,0.000401338
2612,0.000157409
2613,9.02246e-05
2614,0.000180287
2615,0.000344405
2616,0.000325703
2617,0.000354831
2618,0.000210578
2619,0.000309381
2620,0.000280611
2621,0.000100632
2622,0.000187744
2623,0.000255259
2624,0.000355708
2625,0.000344399
2626,0.000195338
2627,0.000216691
2628,0.00023423
2629,0.000387427
2630,0.000323688
2631,0.000234711
2632,9.96559e-05
2633,0.000220425
2634,9.6396e-05
2635,0.000100665
2636,0.000205108
2637,0.000176755
2638,0.000309266
2639,0.000199889
2640,0.00028276
2641,0.000114408
2642,0.000450958
2643,0.000310033
2644,0.000236346
2645,0.00027931
2646,0.000266103
2647,0.000252098
2648,0.000254285
2649,0.000375448
2650,0.000185305
2651,8.48313e-05
2652,0.0001784
2653,0.000234503
2654,0.000284403
2655,0.000313107
2656,0.000153192
2657,0.000270795
2658,0.000196806
2659,0.000347424
2660,0.000203686
2661,0.00053403
2662,0.00025468
2663,0.000204937
2664,0.00037829
2665,0.000341181
2666,0.000286705
2667,0.000176052
2668,0.000280113
2669,0.000435742
2670,0.000250027
2671,0.000104793
2672,0.000231013
2673,0.000168887
2674,0.00037847
2675,0.000271408
2676,0.000382315
2677,0.000166992
2678,0.000112554
2679,0.000425522
2680,0.000255889
2681,0.000225483
2682,0.000151099
2683,0.000390896
2684,0.000185057
2685,0.000124531
2686,0.000190364
2687,0.000151401
2688,0.000125682
2689,0.000312369
2690,0.000251973
2691,0.000101327
2692,6.99803e-05
2693,0.000190543
2694,0.000427053
2695,8.90916e-05
2696,0.00017024
2697,0.000154781
2698,0.000319189
2699,0.000178526
2700,0.000154044
2701,0.00017336
2702,0.000193303
2703,0.00023597
2704,5.83311e-05
2705,0.000151146
2706,0.00033086
2707,0.000132068
2708,0.000213817
2709,0.000124411
2710,0.000124302
2711,0.000246467
2712,0.000259063
2713,0.000221783
2714,5.88537e-05
2715,0.000243297
2716,0.000563
2717,0.000252117
2718,0.000275519
2719,0.000545515
2720,0.000296595
2721,0.000104793
2722,5.40972e-05
2723,0.000113688
2724,0.000522236
2725,0.000102757
2726,0.000154587
2727,0.000128831
2728,0.000288677
2729,0.000329225
2730,0.000621179
2731,0.000176469
2732,0.000171848
2733,0.000164112
2734,0.00025798
2735,0.000166158
2736,7.52286e-05
2737,0.000159331
2738,0.000428818
2739,0.00024185
2740,5.83311e-05
2741,0.000282897
2742,0.000624356
2743,0.000257043
2744,0.000127339
2745,0.000206796
2746,9.99789e-05
2747,0.000122597
2748,0.000440787
2749,0.000256872
2750,0.000384055
2751,0.000239408
2752,8.66794e-05
2753,0.00030017
2754,0.000570645
2755,0.000398744
2756,0.000232145
2757,0.000379443
2758,0.000341614
2759,0.000166205
2760,0.000133407
2761,0.000170022
2762,0.000174795
2763,0.000317431
2764,0.000236661
2765,0.000265684
2766,0.000112786
2767,9.95229e-05
2768,0.000214243
2769,0.000116547
2770,0.000232863
2771,0.000158973
2772,0.000261458
2773,0.000275278
2774,0.00015389
2775,0.000211057
2776,0.000131049
2777,0.000381881
2778,0.000523151
2779,0.000163179
2780,0.000382916
2781,0.000399012
2782,0.000444289
2783,0.000233466
2784,0.000228092
2785,0.000293307
2786,0.000471188
2787,0.000325436
2788,6.49246e-05
2789,0.000174233
2790,0.000101573
2791,0.000131812
2792,0.000101327
2793,0.000537642
2794,0.000126745
2795,0.000203195
2796,0.000337953
2797,0.000181547
2798,5.3715e-05
2799,0.00016003
2800,0.000377256
2801,0.0001051
2802,9.2061e-05
2803,0.00019001
2804,9.04074e-05
2805,0.000132176
2806,0.000277695
2807,0.000180222
2808,7.07066e-05
2809,0.000164435
2810,0.000292168
2811,8.11398e-05
2812,0.000205514
2813,0.000242264
2814,5.88763e-05
2815,0.000268771
2816,0.000108122
2817,0.000131113
2818,0.000155964
2819,0.000185903
2820,0.00015171
2821,0.000114029
2822,0.000153422
2823,0.000233319
2824,0.000104793
2825,0.00016934
2826,0.000118
2827,0.000344246
2828,0.000417865
2829,0.000225156
2830,0.00017018
2831,0.000159334
2832,0.000228389
2833,0.000444133
2834,0.000129008
2835,0.000219044
2836,0.000271584
2837,0.000134921
2838,9.30781e-05
2839,0.000623317
2840,0.000226366
2841,0.000263305
2842,4.39084e-05
2843,0.000232795
2844,0.000219643
2845,0.000184735
2846,0.000193398
2847,0.000120699
2848,0.000182233
2849,0.000432433
2850,0.000172346
2851,0.000182459
2852,8.33766e-05
2853,0.000336708
2854,0.000212749
2855,5.95778e-05
2856,0.000163243
2857,6.08755e-05
2858,0.000166053
2859,0.000159329
2860,5.63197e-05
2861,0.000217763
2862,0.000331998
2863,0.000635233
2864,0.000348055
2865,0.000319025
2866,0.000361337
2867,0.000371064
2868,0.00017616
2869,0.000403387
2870,0.000187732
2871,0.000292343
2872,0.00034758
2873,0.000346768
2874,0.000240474
2875,0.000310011
2876,0.000122294
2877,0.00047616
2878,0.000107686
2879,0.000211994
2880,0.000310277
2881,0.000304374
2882,0.000106842
2883,0.000138511
2884,8.0624e-05
2885,9.04683e-05
2886,0.0001613
2887,0.000214114
2888,0.000132364
2889,0.000242018
2890,0.000420666
2891,0.000134714
2892,0.000219626
2893,0.000111594
2894,0.000361644
2895,9.85854e-05
2896,0.00025145
2897,0.000257386
2898,9.8476e-05
2899,8.19937e-05
2900,0.000108836
2901,0.000457266
2902,0.000152959
2903,0.000104034
2904,0.00044661
2905,0.000340416
2906,0.000412988
2907,0.000176725
2908,0.000146317
2909,0.000369074
2910,0.000374726
2911,0.00031726
2912,0.000284412
2913,0.000348486
2914,0.000275609
2915,0.000431571
2916,0.000394216
2917,0.000112314
2918,0.000170919
2919,0.000330527
2920,0.00034827
2921,0.000281903
2922,7.00006e-05
2923,0.000151562
2924,0.000209234
2925,0.000366685
2926,0.000140676
2927,0.000424695
2928,0.000405891
2929,0.000241828
2930,0.000171848
2931,0.000267072
2932,0.000290326
2933,0.000174221
2934,0.000185936
2935,0.000151802
2936,0.00036091
2937,0.000357044
2938,0.000167147
2939,0.000377006
2940,0.0002991
2941,0.000122016
2942,9.90582e-05
2943,0.000385371
2944,0.000493812
2945,0.000265151
2946,0.000340873
2947,0.000147431
2948,0.000140191
2949,0.000269687
2950,0.000305334
2951,0.000668733
2952,6.11674e-05
2953,0.000180827
2954,0.000134015
2955,0.000327282
2956,0.000437625
2957,0.000144217
2958,0.000288312
2959,0.000225755
2960,0.000418682
2961,0.000103225
2962,0.000206684
2963,5.95461e-05
2964,0.000166684
2965,0.000139614
2966,0.000484693
2967,0.000142861
2968,0.000135603
2969,0.000329508
2970,0.000245585
2971,6.78114e-05
2972,0.000224533
2973,0.000399797
2974,0.000277458
2975,6.89062e-05
2976,0.000259342
2977,0.000179182
2978,0.000213843
2979,0.000173378
2980,6.96873e-05
2981,0.000145848
2982,0.000200363
2983,0.000221396
2984,0.000178266
2985,0.000276703
2986,0.000446735
2987,0.000155537
2988,0.000304509
2989,0.000340407
2990,0.000118258
2991,0.000330405
2992,0.000404683
2993,0.000274317
2994,0.000311098
2995,0.000129282
2996,0.000274101
2997,0.000174652
2998,5.72322e-05
2999,0.000307004
3000,0.000420104
3001,0.000287239
3002,0.000487133
3003,9.30781e-05
3004,0.000257728
3005,0.000304109
3006,4.91002e-05
3007,0.000172993
3008,0.000211697
3009,0.00014743
3010,0.000234514
3011,0.000305513
3012,0.000150466
3013,0.000178013
3014,0.000218349
3015,0.000101639
3016,0.0002036
3017,0.000427983
3018,0.000225723
3019,0.000496419
3020,0.000338068
3021,0.000276335
3022,0.000363336
3023,0.000195864
3024,0.000125891
3025,0.000292535
3026,0.000454416
3027,0.000432539
3028,0.000170096
3029,0.00025529
3030,8.92589e-05
3031,4.39084e-05
3032,0.000182385
3033,0.000401635
3034,0.000297487
3035,0.000489352
3036,0.000224144
3037,0.000101327
3038,0.000509254
3039,0.000154713
3040,0.000241837
3041,0.000190815
3042,0.00014607
3043,0.000146635
3044,7.12402e-05
3045,0.000116218
3046,0.000246077
3047,0.000237405
3048,0.000141274
3049,0.000409279
3050,0.000143962
3051,0.000567422
3052,0.000265275
3053,0.000194165
3054,0.000388079
3055,0.00015389
3056,0.000361035
3057,0.000180476
3058,0.000121559
3059,7.96287e-05
3060,0.000442406
3061,0.000155258
3062,0.000251631
3063,0.000148291
3064,0.000295244
3065,0.000253438
3066,0.000198821
3067,0.000126348
3068,0.000144896
3069,0.000144349
3070,0.000338758
3071,4.39084e-05
3072,0.00037874
3073,0.000300734
3074,0.00015389
3075,0.00018237
3076,0.000493678
3077,0.000459477
3078,0.00043745
3079,0.000245655
3080,0.000209571
3081,0.000231493
3082,0.000624326
3083,0.000151222
3084,0.000394843
3085,0.000252777
3086,0.000284909
3087,0.00037403
3088,9.92942e-05
3089,0.000320257
3090,0.000541991
3091,0.000104793
3092,8.98402e-05
3093,0.00013431
3094,7.3367e-05
3095,0.000138022
3096,0.000345069
3097,0.000289448
3098,0.000303153
3099,0.000110619
3100,0.000242095
3101,0.00066948
3102,0.000270153
3103,0.000171144
3104,0.000416168
3105,0.000221097
3106,0.000347752
3107,0.000362488
3108,0.000289542
3109,0.000138403
3110,0.000147046
3111,0.000327345
3112,0.000100154
3113,0.000385145
3114,0.000265349
3115,0.000346079
3116,0.000563693
3117,0.000337234
3118,0.000295494
3119,0.000341992
3120,0.000383771
3121,8.64196e-05
3122,0.000177043
3123,0.000192531
3124,0.000224983
3125,5.10094e-05
3126,0.000137004
3127,0.00015389
3128,0.000157907
3129,0.000192773
3130,0.000125944
3131,0.000171848
3132,0.000445275
3133,0.000103731
3134,5.09112e-05
3135,0.000190796
3136,0.000453448
3137,0.000293789
3138,0.000173402
3139,0.000184698
3140,0.000454348
3141,0.000216517
3142,0.00026488
3143,6.6079e-05
3144,0.000145216
3145,0.000393726
3146,0.000340591
3147,0.000131113
3148,0.000208179
3149,0.000308112
3150,0.000503586
3151,0.000124713
3152,0.000480291
3153,0.000116766
3154,0.000579324
3155,0.000158608
3156,0.000128722
3157,0.000144898
3158,0.000264967
3159,9.0874e-05
3160,0.000198096
3161,8.00552e-05
3162,0.000419122
3163,0.000133787
3164,0.000118362
3165,9.16431e-05
3166,0.000205939
3167,0.000151278
3168,0.000360472
3169,0.000329609
3170,0.000165728
3171,0.00016575
3172,0.00041257
3173,0.000162781
3174,0.00033751
3175,7.33799e-05
3176,0.000224806
3177,0.000302053
3178,0.000214801
3179,0.000392214
3180,0.000171848
3181,0.000171848
3182,0.000389763
3183,4.39084e-05
3184,0.000304267
3185,0.000459678
3186,0.000185599
3187,0.000283941
3188,0.000316815
3189,0.00015497
3190,0.000125551
3191,0.00027042
3192,0.000129712
3193,0.000165046
3194,0.000136049
3195,0.000334278
3196,0.000306062
3197,9.14336e-05
3198,0.000507778
3199,0.000155477
3200,0.000219574
3201,0.000495793
3202,8.63658e-05
3203,0.000223951
3204,0.000284012
3205,0.00015037
3206,0.000285103
3207,0.000305555
3208,0.000141217
3209,0.000170626
3210,0.000125778
3211,0.000205417
3212,0.000230017
3213,0.000201965
3214,0.000451735
3215,0.000186579
3216,0.000139218
3217,7.72648e-05
3218,0.000177043
3219,0.000281871
3220,0.000264343
3221,0.000226187
3222,0.000161997
3223,0.000187014
3224,0.000325306
3225,0.000197938
3226,0.000361019
3227,7.79236e-05
3228,0.000188562
3229,0.000134504
3230,4.39084e-05
3231,0.000226153
3232,0.000477173
3233,0.000461151
3234,0.000192295
3235,8.09322e-05
3236,0.000173782
3237,0.000173834
3238,0.000209181
3239,0.000335089
3240,0.000384915
3241,0.000166162
3242,0.000141297
3243,0.000150928
3244,0.000141589
3245,0.0001442
3246,0.000136159
3247,0.000354686
3248,0.000274197
3249,0.000127355
3250,0.000173542
3251,0.000188011
3252,0.000459168
3253,0.000352166
3254,0.000117986
3255,0.000250799
3256,0.000499028
3257,0.000226613
3258,0.000299825
3259,0.000234294
3260,0.000189865
3261,0.000321352
3262,0.000164682
3263,0.00047112
3264,0.000248022
3265,0.000282179
3266,0.000106325
3267,0.000409207
3268,7.63625e-05
3269,0.000109487
3270,7.66439e-05
3271,0.000123625
3272,0.000288708
3273,0.000212092
3274,0.000412085
3275,0.000247944
3276,0.000165988
3277,0.0003883
3278,0.000184059
3279,0.000212021
3280,0.000606694
3281,0.00010384
3282,5.01251e-05
3283,0.000212986
3284,0.000319355
3285,0.000219442
3286,0.000146783
3287,0.000306481
3288,0.00028779
3289,0.00015693
3290,0.000100996
3291,0.000665309
3292,0.00011897
3293,0.000292361
3294,0.000153047
3295,0.000351284
3296,0.000256428
3297,0.000342664
3298,0.000280841
3299,0.000367382
3300,0.000175909
3301,0.00020892
3302,0.000461293
3303,0.000229347
3304,0.000198139
3305,7.37716e-05
3306,0.000162828
3307,0.000165828
3308,0.000115472
3309,0.000228843
3310,8.67769e-05
3311,0.0001551
3312,0.000152254
3313,0.000228135
3314,0.000214001
3315,0.000106572
3316,0.000228402
3317,8.48429e-05
3318,0.000257534
3319,0.0001889
3320,0.000628543
3321,0.000407605
3322,0.000137004
3323,7.8878e-05
3324,0.000437725
3325,0.000244427
3326,0.00013877
3327,0.00039431
3328,0.000161589
3329,0.000169395
3330,0.000519396
3331,0.000278799
3332,0.000349689
3333,8.36568e-05
3334,9.69778e-05
3335,0.000378768
3336,0.000123687
3337,0.000183642
3338,0.00012758
3339,0.000335182
3340,0.000148902
3341,0.000237447
3342,0.000429708
3343,0.000140729
3344,0.000414311
3345,0.00038821
3346,0.000267556
3347,0.000422714
3348,0.000379483
3349,0.000119264
3350,0.000464308
3351,0.000451457
3352,0.000111171
3353,0.000388294
3354,0.000177043
3355,0.000306387
3356,0.000169154
3357,0.00012664
3358,0.000109123
3359,0.000152248
3360,0.000449956
3361,0.000149343
3362,0.000362271
3363,0.000599029
3364,0.000242744
3365,0.000356792
3366,0.000440899
3367,9.75555e-05
3368,0.000125667
3369,0.000329986
3370,7.58299e-05
3371,0.000137723
3372,0.000152959
3373,0.000150006
3374,0.000162884
3375,5.89312e-05
3376,0.000120584
3377,0.000208637
3378,0.00034681
3379,0.000188994
3380,0.000160989
3381,0.000299302
3382,0.000223742
3383,0.000164974
3384,0.000241903
3385,0.000380782
3386,0.00031134
3387,0.000439558
3388,9.66454e-05
3389,9.4253e-05
3390,0.000158566
3391,0.000293431
3392,0.000160278
3393,0.000157146
3394,0.000216268
3395,0.000271446
3396,0.000439747
3397,0.000646296
3398,0.000106181
3399,0.000187278
3400,0.000205006
3401,0.000120584
3402,0.000170562
3403,0.000333393
3404,0.000151732
3405,0.000148134
3406,0.000413424
3407,7.63625e-05
3408,5.10069e-05
3409,0.000141584
3410,0.000145288
3411,0.000374607
3412,0.000334597
3413,5.87387e-05
3414,0.000121332
3415,0.000217127
3416,0.000293584
3417,0.000410276
3418,0.00010201
3419,0.000351684
3420,0.000194592
3421,0.000155815
3422,0.000250905
3423,0.000212183
3424,9.29114e-05
3425,0.000134224
3426,0.000538418
3427,0.00012758
3428,9.60865e-05
3429,7.43836e-05
3430,0.000150651
3431,0.000190058
3432,9.00042e-05
3433,0.000309219
3434,0.000570341
3435,0.000244844
3436,7.18751e-05
3437,0.00757462
3438,0.000248746
3439,0.000205566
3440,0.000272095
3441,0.000133538
3442,0.000558801
3443,0.00028136
3444,0.000124063
3445,0.000127868
3446,0.000223306
3447,0.00013913
3448,0.000430586
3449,0.000422705
3450,0.000186033
3451,4.89084e-05
3452,0.000173543
3453,4.89084e-05
3454,0.000196278
3455,0.000451544
3456,0.000472994
3457,9.4865e-05
3458,0.000234296
3459,0.000208217
3460,0.000334176
3461,0.000110448
3462,0.000206752
3463,0.000275586
3464,0.000376962
3465,0.000249165
3466,0.000322843
3467,6.8985e-05
3468,0.000344654
3469,0.000337308
3470,0.000211972
3471,0.000251616
3472,0.000205472
3473,0.000265192
3474,0.0002285
3475,0.000308924
3476,0.000234283
3477,0.000117814
3478,0.000254665
3479,0.000229623
3480,0.000256617
3481,0.000216363
3482,0.000188228
3483,0.000187954
3484,0.000171536
3485,0.000198734
3486,0.000332289
3487,0.000185222
3488,0.000424644
3489,0.000115844
3490,0.000296384
3491,0.000232174
3492,0.000122915
3493,0.000224613
3494,8.39311e-05
3495,0.000554917
3496,0.000250522
3497,0.000239837
3498,0.000223071
3499,0.000270855
3500,0.000291701
3501,0.000461808
3502,0.000160207
3503,0.000165665
3504,0.000156512
3505,0.000323973
3506,0.000531688
3507,0.000140675
3508,0.000324164
3509,0.000250407
3510,0.000249267
3511,0.000299272
3512,0.000157608
3513,0.000145498
3514,0.000375425
3515,0.00015917
3516,0.000216102
3517,0.000189084
3518,0.000307407
3519,0.000259225
3520,0.000133155
3521,0.000662507
3522,0.000137309
3523,0.000216363
3524,0.000206975
3525,0.000364937
3526,0.000353137
3527,0.000224291
3528,0.000333724
3529,0.00040635
3530,0.000164129
3531,0.000186887
3532,0.000207901
3533,0.000189475
3534,0.000282438
3535,0.000249404
3536,0.000243939
3537,0.000100925
3538,0.000313302
3539,0.000174313
3540,0.000332363
3541,0.000195141
3542,0.000318732
3543,0.000133851
3544,0.000116679
3545,0.000736136
3546,0.000327448
3547,0.000184346
3548,0.000138002
3549,0.000295028
3550,0.000219619
3551,0.00017132
3552,0.000102539
3553,0.000403481
3554,0.000261907
3555,0.000255776
3556,0.00017073
3557,0.00028886
3558,0.00041811
3559,0.000275472
3560,8.12764e-05
3561,0.000201463
3562,0.000229623
3563,0.000188743
3564,0.000232242
3565,9.21e-05
3566,0.00016532
3567,0.000222448
3568,0.000409179
3569,0.0002885
3570,4.89084e-05
3571,0.000270184
3572,0.000115891
3573,0.000231737
3574,0.000164986
3575,6.91981e-05
3576,0.000392767
3577,0.000478887
3578,0.000232567
3579,0.000249165
3580,0.000193269
3581,0.000192884
3582,7.09062e-05
3583,0.000159187
3584,0.000554849
3585,0.000171432
3586,0.000440663
3587,0.000254263
3588,8.35917e-05
3589,6.25786e-05
3590,0.000317433
3591,0.000221859
3592,0.000209074
3593,0.000509774
3594,0.000189354
3595,0.00022275
3596,0.0007749
3597,6.91727e-05
3598,0.000164107
3599,0.000387715
3600,0.000120927
3601,0.000256046
3602,0.000217493
3603,0.00011408
3604,0.000705149
3605,0.000367294
3606,0.000125651
3607,0.000132438
3608,0.000240695
3609,0.000266516
3610,0.00024711
3611,0.000513006
3612,0.000268847
3613,0.000229623
3614,0.000148968
3615,0.000253938
3616,0.000261559
3617,0.000405511
3618,0.000204957
3619,8.71014e-05
3620,0.000195891
3621,0.000161772
3622,0.000171326
3623,0.000229742
3624,0.000282498
3625,0.000369681
3626,0.000154583
3627,0.000195127
3628,0.000333761
3629,0.000437845
3630,0.000173378
3631,0.000138137
3632,0.000127998
3633,0.000600932
3634,0.000269386
3635,0.00026849
3636,0.000300351
3637,0.000107327
3638,0.000238741
3639,0.000188812
3640,0.0003864
3641,0.000160585
3642,0.000239574
3643,0.000276904
3644,0.000188522
3645,0.000230796
3646,0.000206163
3647,0.000175741
3648,0.000263584
3649,0.000229623
3650,4.89084e-05
3651,0.000312784
3652,0.000141564
3653,0.000102994
3654,0.000143413
3655,0.000226985
3656,0.000227677
3657,0.000209852
3658,0.00017313
3659,0.000163541
3660,0.000113052
3661,0.000115785
3662,0.000337389
3663,0.000187288
3664,0.000174687
3665,0.000128401
3666,0.000129611
3667,0.000238841
3668,0.000152048
3669,0.000146359
3670,0.000228875
3671,0.000144736
3672,0.000471376
3673,9.02913e-05
3674,0.00039209
3675,0.000222603
3676,0.000115844
3677,0.000507273
3678,9.85842e-05
3679,0.000275668
3680,0.000495265
3681,0.0001223
3682,0.000192552
3683,0.000185276
3684,0.00063378
3685,0.000205512
3686,7.38626e-05
3687,0.000303827
3688,6.00714e-05
3689,7.00473e-05
3690,0.000358132
3691,8.12764e-05
3692,0.000358337
3693,0.000294693
3694,0.000102959
3695,0.000229623
3696,0.000229002
3697,0.000218653
3698,0.000242008
3699,8.685e-05
3700,0.000146359
3701,0.000244931
3702,0.000351713
3703,0.000174877
3704,5.84604e-05
3705,0.000437385
3706,0.000287281
3707,0.000240456
3708,0.000235195
3709,4.89084e-05
3710,0.000311755
3711,0.000327173
3712,0.000105737
3713,0.000307908
3714,0.000295331
3715,0.000182602
3716,0.000160296
3717,8.12764e-05
3718,0.000300301
3719,0.000277885
3720,0.000219234
3721,0.000304885
3722,0.000391026
3723,0.000153841
3724,0.000108358
3725,0.000294524
3726,0.000198335
3727,0.000145234
3728,0.000333809
3729,4.89084e-05
3730,0.000267959
3731,0.000372044
3732,6.29112e-05
3733,8.72117e-05
3734,0.00045242
3735,0.00020341
3736,0.000140979
3737,0.000368948
3738,0.000364572
3739,0.000237396
3740,0.000329358
3741,0.00018963
3742,0.000129393
3743,0.000294524
3744,8.12764e-05
3745,0.000144343
3746,8.5058e-05
3747,0.000313586
3748,4.89084e-05
3749,0.000144548
3750,0.000299334
3751,0.000150659
3752,0.000248723
3753,0.000302264
3754,0.000126833
3755,0.000110657
3756,0.000592471
3757,0.00026476
3758,0.000495608
3759,0.000290202
3760,0.000201429
3761,0.000258387
3762,0.000180711
3763,0.000167657
3764,0.000353167
3765,7.52561e-05
3766,0.000162463
3767,0.000147965
3768,0.000278581
3769,0.000177337
3770,0.000146699
3771,0.000143851
3772,0.000131113
3773,0.000186231
3774,0.00028354
3775,0.000166411
3776,0.000278011
3777,0.000142669
3778,0.000180561
3779,0.000246132
3780,0.000188502
3781,9.32826e-05
3782,0.000376339
3783,0.000201
3784,0.00015668
3785,0.000198242
3786,0.000247499
3787,0.000127231
3788,0.000138456
3789,0.000195739
3790,0.000411813
3791,0.000313565
3792,0.000194847
3793,0.000538043
3794,0.000385237
3795,8.77718e-05
3796,0.000137845
3797,0.000418344
3798,4.89084e-05
3799,0.000281322
3800,0.00044312
3801,9.10796e-05
3802,0.000210716
3803,0.000267238
3804,0.00044543
3805,9.41506e-05
3806,0.000141633
3807,6.97057e-05
3808,6.87438e-05
3809,0.000250719
3810,0.000390212
3811,8.45032e-05
3812,0.000151779
3813,0.000146359
3814,0.000170083
3815,0.000192347
3816,7.70804e-05
3817,0.000146995
3818,0.000178107
3819,0.000210419
3820,4.89084e-05
3821,0.000328975
3822,0.000333319
3823,0.00021154
3824,0.000448054
3825,0.000376784
3826,0.000356122
3827,0.000129767
3828,0.000269917
3829,0.000433818
3830,0.0011867
3831,0.000267779
3832,0.000141848
3833,0.000351802
3834,0.000112084
3835,0.000307987
3836,0.000334281
3837,0.000261361
3838,0.000554036
3839,9.90986e-05
3840,0.000169562
3841,0.000321672
3842,0.00040014
3843,0.000123614
3844,0.000122578
3845,0.000203048
3846,8.5058e-05
3847,0.000222143
3848,0.000138455
3849,0.000124063
3850,0.000257587
3851,0.000537386
3852,0.000221875
3853,4.89084e-05
3854,6.35614e-05
3855,0.000193725
3856,4.89084e-05
3857,0.00018159
3858,0.000298672
3859,0.000106205
3860,0.000338541
3861,0.00027921
3862,0.000241306
3863,0.00022359
3864,0.000146359
3865,7.98378e-05
3866,0.000234785
3867,0.000314634
3868,0.000279509
3869,0.000359973
3870,0.000302382
3871,0.000141093
3872,0.000193775
3873,0.000358107
3874,0.000222401
3875,7.00752e-05
3876,0.000132748
3877,0.000500879
3878,0.000148052
3879,6.35614e-05
3880,0.000152546
3881,0.000227101
3882,8.34094e-05
3883,0.000229623
3884,0.000314668
3885,7.47143e-05
3886,0.000289835
3887,0.000124511
3888,0.000165503
3889,0.000160159
3890,9.52903e-05
3891,0.000269706
3892,0.000208715
3893,0.000109596
3894,0.000197013
3895,0.000185881
3896,0.000245515
3897,9.57606e-05
3898,0.000246559
3899,0.000128433
3900,0.000373727
3901,0.000150605
3902,0.000395727
3903,0.000218257
3904,0.000141927
3905,0.000172785
3906,0.000479208
3907,0.000312758
3908,0.000130008
3909,0.000256492
3910,8.90927e-05
3911,0.000146359
3912,0.000236052
3913,0.000184307
3914,0.000126245
3915,0.000268303
3916,0.000131482
3917,0.000237707
3918,0.000534405
3919,0.000188812
3920,0.000240396
3921,0.000367683
3922,6.77582e-05
3923,0.000166444
3924,0.000439654
3925,0.000115129
3926,0.000396827
3927,0.000318747
3928,6.52916e-05
3929,0.000176705
3930,0.000469735
3931,0.000286106
3932,0.000181128
3933,0.000321704
3934,0.000127629
3935,4.89084e-05
3936,0.000103261
3937,0.000185845
3938,0.000735131
3939,0.000104912
3940,0.000135532
3941,0.000117422
3942,6.114e-05
3943,0.000241229
3944,0.000154076
3945,0.000401902
3946,9.32826e-05
3947,0.000356715
3948,0.000557873
3949,0.000256929
3950,0.00023335
3951,0.000380983
3952,0.000105049
3953,9.31526e-05
3954,0.000110448
3955,7.04067e-05
3956,0.000303384
3957,0.00027438
3958,0.000134724
3959,5.97403e-05
3960,0.000252879
3961,0.000138832
3962,0.000369874
3963,0.000145294
3964,0.000224419
3965,8.92798e-05
3966,0.000431684
3967,0.000238252
3968,0.000439035
3969,0.000281134
3970,0.000106978
3971,0.000445816
3972,0.000227101
3973,0.00011698
3974,4.89084e-05
3975,0.00023554
3976,0.000183353
3977,0.000102857
3978,7.92374e-05
3979,0.000192411
3980,0.00215659
3981,0.00025052
3982,0.000415454
3983,9.68702e-05
3984,6.82076e-05
3985,0.000204894
3986,0.00028855
3987,0.000118622
3988,0.000229013
3989,0.0002135
3990,0.00018816
3991,0.000125999
3992,0.000125101
3993,0.000203794
3994,0.000336786
3995,0.000287057
3996,0.000168044
3997,0.000327618
3998,0.000432568
3999,0.000176845
4000,0.000298909
4001,0.000118622
4002,0.00024415
4003,0.000169339
4004,0.000316478
4005,0.00013205
4006,0.000100671
4007,0.00018816
4008,6.82076e-05
4009,0.000303099
4010,6.82076e-05
4011,0.000147278
4012,0.000118622
4013,0.00020612
4014,0.000366986
4015,6.82076e-05
4016,0.00018816
4017,0.000303485
4018,0.000222573
4019,0.000249544
4020,0.000268766
4021,0.000334311
4022,6.82076e-05
4023,0.000537971
4024,6.82076e-05
4025,0.00018816
4026,0.000281774
4027,0.000267343
4028,0.000103917
4029,0.000118622
4030,0.000552991
4031,0.000356471
4032,0.000100671
4033,0.00012369
4034,9.36119e-05
4035,6.82076e-05
4036,0.000105787
4037,0.000147983
4038,0.000294519
